[0 100]: 0
[1 99]: 0
[2 98]: 0
[3 97]: 0
[4 96]: 0
[5 95]: 0
[6 94]: 0
[7 93]: 0
[8 92]: 0
[9 91]: 0
[10 90]: 0
[11 89]: 0
[12 88]: 0
[13 87]: 0
[14 86]: 0
[15 85]: 0
[16 84]: 0
[17 83]: 0
[18 82]: 0
[19 81]: 0
[20 80]: 0
[21 79]: 0
[22 78]: 0
[23 77]: 0
[24 76]: 0
[25 75]: 0
[26 74]: 663680
[27 73]: 2513280
[28 72]: 5345280
[29 71]: 8967680
[30 70]: 13200000
[31 69]: 17873280
[32 68]: 22830080
[33 67]: 27924480
[34 66]: 33022080
[35 65]: 38000000
[36 64]: 42746880
[37 63]: 47162880
[38 62]: 51159680
[39 61]: 54660480
[40 60]: 57600000
[41 59]: 59924480
[42 58]: 61591680
[43 57]: 62570880
[44 56]: 62842880
[45 55]: 62400000
[46 54]: 61246080
[47 53]: 59396480
[48 52]: 56878080
[49 51]: 53729280
[50 50]: 50000000
[51 49]: 45751680
[52 48]: 41057280
[53 47]: 36001280
[54 46]: 30679680
[55 45]: 25200000
[56 44]: 19681280
[57 43]: 14254080
[58 42]: 9060480
[59 41]: 4254080
[60 40]: 0
[61 39]: 0
[62 38]: 0
[63 37]: 0
[64 36]: 0
[65 35]: 0
[66 34]: 0
[67 33]: 0
[68 32]: 0
[69 31]: 0
[70 30]: 0
[71 29]: 0
[72 28]: 0
[73 27]: 0
[74 26]: 0
[75 25]: 0
[76 24]: 0
[77 23]: 0
[78 22]: 0
[79 21]: 0
[80 20]: 0
[81 19]: 0
[82 18]: 0
[83 17]: 0
[84 16]: 0
[85 15]: 0
[86 14]: 0
[87 13]: 0
[88 12]: 0
[89 11]: 0
[90 10]: 0
[91 9]: 0
[92 8]: 0
[93 7]: 0
[94 6]: 0
[95 5]: 0
[96 4]: 0
[97 3]: 0
[98 2]: 0
[99 1]: 0
[100 0]: 0
